1000
1000
40 351
53 177
52 366
38 293
17 108
54 350
49 356
96 472
23 325
73 164
52 290
1 165
37 117
56 412
75 320
84 174
60 236
57 355
28 271
61 416
95 96
85 53
37 273
85 334
80 181
12 429
97 130
87 168
29 422
26 85
4 33
32 253
79 445
99 47
59 222
81 304
25 377
90 206
64 214
32 85
84 362
1 467
97 450
99 463
14 408
55 122
23 421
90 275
60 35
72 137
16 243
18 420
60 351
68 296
77 172
97 466
57 323
93 466
65 228
71 238
21 390
61 240
34 394
32 440
82 151
99 408
67 258
81 132
36 235
10 375
37 130
35 181
41 467
70 51
18 87
30 206
89 88
91 119
9 222
53 179
70 248
54 41
27 436
54 209
99 309
90 20
98 304
49 254
1 492
46 162
97 209
54 285
96 386
70 419
78 469
29 259
29 149
56 258
4 209
44 352
87 418
52 380
22 440
60 480
17 328
69 23
51 313
73 349
4 52
83 229
18 453
60 103
7 143
49 177
28 242
42 182
98 460
49 152
97 497
54 139
11 250
3 393
70 36
45 124
84 45
100 500
84 30
97 25
32 112
3 328
20 132
17 252
86 68
73 495
28 248
90 141
99 198
22 320
78 392
92 68
100 429
21 169
14 306
4 485
40 304
87 474
49 213
92 111
10 313
89 435
81 134
14 366
99 164
88 317
16 417
73 410
6 187
69 229
85 199
9 269
83 184
2 444
54 431
63 64
56 195
82 466
59 372
20 232
23 385
67 343
35 325
69 406
62 248
56 432
94 313
35 175
32 435
12 152
58 134
97 247
73 322
86 204
44 24
64 445
42 103
63 118
46 418
34 184
36 460
77 369
36 294
2 274
25 53
31 378
53 260
72 398
31 363
61 340
92 261
58 415
3 57
38 123
52 364
32 166
85 307
48 252
71 281
45 227
96 291
43 190
90 242
35 166
33 128
16 379
25 171
16 390
69 496
98 363
24 108
28 388
62 151
93 311
98 278
77 154
13 436
25 161
30 194
23 164
2 372
69 74
36 33
7 293
38 367
17 336
97 261
14 456
2 303
37 250
62 235
44 104
7 139
62 68
9 215
63 47
74 332
88 37
20 86
73 495
39 53
32 70
72 401
54 320
77 414
80 125
100 277
49 240
57 162
76 229
40 301
80 40
79 388
13 495
98 116
81 118
34 348
11 90
31 98
71 48
21 11
53 240
89 314
61 159
5 128
37 371
37 369
59 46
88 129
34 413
81 311
85 421
26 227
15 288
29 341
20 475
35 433
19 46
8 94
40 314
96 432
73 481
37 234
16 249
89 165
90 216
35 266
70 262
57 51
77 30
56 386
42 319
33 23
12 127
87 438
74 310
3 401
87 430
35 305
6 400
97 99
61 275
84 236
36 102
75 233
82 426
63 56
61 188
53 180
42 353
14 449
21 178
53 365
64 157
85 493
52 426
98 291
5 242
12 171
33 175
15 405
52 452
66 432
1 346
70 246
53 37
25 275
47 328
97 265
81 236
98 36
27 146
71 77
37 234
90 258
16 24
81 321
31 373
21 169
71 17
71 218
12 125
15 246
16 341
20 265
92 159
66 371
35 222
62 251
32 243
71 84
50 107
77 270
96 460
18 452
9 151
99 414
54 184
65 146
1 154
93 162
76 306
85 260
20 238
69 257
45 180
71 400
70 203
59 487
42 455
25 367
31 302
50 129
100 220
6 172
96 252
91 477
49 207
85 415
84 87
64 28
17 267
76 179
13 457
57 61
68 476
59 17
93 83
53 455
84 89
10 250
34 183
80 364
51 342
11 446
43 446
87 449
69 204
41 330
92 464
98 259
70 28
80 45
31 333
88 481
37 126
96 56
56 60
98 334
91 456
13 237
22 365
39 472
4 33
42 417
8 160
46 201
56 84
32 281
53 299
88 415
24 97
23 50
79 455
49 327
88 133
64 477
75 83
30 246
82 140
59 140
86 14
60 471
37 356
70 90
10 236
45 310
39 337
55 363
33 243
39 111
50 446
62 64
31 205
74 193
74 161
90 161
3 434
85 212
36 14
73 452
88 408
96 35
78 391
64 436
37 407
30 320
46 122
82 107
80 138
87 396
93 402
85 358
18 331
13 472
81 340
6 168
57 27
75 196
94 77
12 475
38 177
96 222
23 112
17 412
70 458
47 281
65 477
35 435
22 141
62 422
38 392
44 421
15 249
10 82
97 125
87 380
87 213
72 197
12 414
51 17
34 284
16 242
48 354
96 354
34 309
49 431
82 491
48 65
87 129
61 22
80 462
72 177
79 123
83 42
82 431
60 475
90 164
84 219
15 81
6 494
5 165
64 69
13 130
69 79
50 242
48 353
96 366
70 224
76 390
94 89
54 345
13 436
63 325
53 490
36 26
89 199
28 237
57 496
31 447
47 60
88 198
70 471
83 193
8 213
36 107
16 495
59 56
85 118
83 337
77 20
7 412
43 134
17 412
73 115
9 434
98 293
27 310
28 426
30 178
100 85
77 11
36 449
19 76
70 138
23 66
85 453
4 77
2 193
31 311
42 18
23 145
7 74
95 225
68 68
96 42
61 239
100 195
66 313
14 241
65 123
79 32
94 411
85 276
39 244
83 25
8 255
52 228
88 65
63 374
57 47
11 174
78 85
9 74
36 329
82 309
71 374
42 205
77 281
38 242
65 319
56 60
90 68
84 343
99 292
93 453
28 230
58 464
30 221
44 433
59 214
54 383
13 170
55 170
86 140
48 498
20 361
61 44
12 435
11 57
56 59
96 388
48 425
17 294
8 310
72 297
43 353
16 220
46 457
86 491
97 226
93 36
37 317
40 190
14 305
65 118
20 346
62 124
14 189
72 198
15 400
36 303
29 423
55 442
72 402
80 324
87 339
72 23
78 485
85 434
89 146
4 102
35 369
98 168
44 189
1 102
19 299
85 215
9 82
95 334
4 56
96 281
28 202
54 242
44 90
48 169
93 176
100 492
73 315
11 462
7 89
21 396
80 35
87 51
35 236
85 227
63 320
57 222
35 120
97 272
15 186
56 66
37 357
87 313
63 279
86 167
6 122
51 316
8 13
27 164
28 402
18 401
33 158
42 71
1 264
96 230
23 76
49 282
91 127
65 296
86 422
46 46
51 451
95 31
56 19
59 481
10 451
41 304
55 303
52 373
82 223
38 68
52 20
42 97
80 245
89 480
47 55
56 442
14 134
56 311
52 278
11 212
40 391
44 123
43 408
22 49
66 334
15 281
66 109
100 188
45 382
83 427
19 130
14 84
33 111
23 318
20 399
98 345
10 100
99 331
64 247
97 298
98 306
58 358
73 339
82 329
42 452
81 171
20 235
9 250
57 333
39 417
36 312
8 190
65 47
40 246
58 29
8 198
37 49
83 452
12 324
77 269
50 246
75 293
95 468
6 240
74 343
25 174
78 253
65 87
8 240
14 425
44 375
11 268
83 98
6 136
91 234
57 278
67 322
21 196
48 479
37 208
53 406
44 357
77 36
81 341
43 43
43 58
72 357
50 155
33 380
85 474
78 457
20 180
11 308
85 82
45 168
84 367
85 210
17 314
91 490
11 168
72 202
83 415
43 426
17 353
90 434
95 360
68 57
83 353
55 270
47 19
47 168
24 496
28 184
99 258
25 125
18 89
10 161
13 269
99 286
95 462
68 29
85 182
99 326
17 315
49 88
21 102
89 404
80 424
22 379
57 32
53 196
87 378
31 237
79 155
97 393
58 129
69 132
40 424
61 472
25 198
87 494
74 235
60 403
37 408
49 267
68 224
21 428
26 420
78 80
33 36
83 256
48 293
14 374
67 445
16 155
11 400
21 149
58 473
66 85
56 56
29 428
58 462
45 486
4 222
7 212
65 201
31 207
11 201
29 24
41 486
13 439
92 342
43 415
19 80
5 156
61 366
18 398
91 250
58 325
1 473
11 19
33 120
20 290
94 321
68 226
15 407
37 131
39 72
7 132
54 337
80 244
9 66
64 315
69 18
81 273
74 133
92 83
38 229
1 324
46 133
74 223
24 350
86 53
68 194
9 498
68 288
65 412
65 293
3 209
61 32
82 208
48 139
96 18
46 413
9 186
31 385
85 331
14 405
75 386
97 180
18 32
46 289
44 426
83 99
100 360
60 366
62 333
24 425
18 42
92 407
59 28
38 113
6 415
26 463
6 171
40 273
51 427
70 252
33 28
97 341
25 156
46 451
100 34
84 179
35 73
48 233
52 390
57 468
50 183
24 264
89 264
48 483
67 146
11 382
55 50
56 318
24 289
38 174
14 50
42 348
38 166
58 318
92 228
22 363
57 189
58 31
94 455
46 324
56 150
82 415
8 48
86 336
52 196
66 420
96 357
21 497
4 83
78 357
57 27
17 44
31 408
83 197
47 206
73 26
78 88
87 240
48 200
57 400
10 303
18 281
47 213
41 342
36 137
15 23
95 105
64 275
50 477
72 70
34 406
34 370
