1000
1000
13 23
7 17
38 48
50 60
79 89
54 64
32 42
21 31
42 52
74 84
93 103
41 51
25 35
98 108
21 31
64 74
66 76
60 70
64 74
40 50
64 74
3 13
12 22
51 61
65 75
59 69
31 41
28 38
75 85
46 56
7 17
7 17
37 47
64 74
77 87
84 94
87 97
61 71
37 47
69 79
2 12
14 24
56 66
18 28
34 44
94 104
47 57
98 108
52 62
47 57
6 16
52 62
7 17
73 83
72 82
25 35
47 57
71 81
37 47
10 20
50 60
65 75
58 68
98 108
71 81
36 46
80 90
88 98
79 89
16 26
17 27
13 23
51 61
48 58
44 54
72 82
47 57
97 107
19 29
26 36
78 88
66 76
52 62
65 75
6 16
6 16
5 15
18 28
92 102
43 53
61 71
67 77
59 69
20 30
78 88
66 76
18 28
42 52
79 89
41 51
21 31
51 61
79 89
95 105
39 49
76 86
44 54
65 75
66 76
69 79
63 73
91 101
73 83
39 49
61 71
3 13
48 58
43 53
87 97
15 25
54 64
75 85
40 50
93 103
89 99
81 91
4 14
77 87
61 71
34 44
84 94
100 110
75 85
74 84
30 40
93 103
7 17
75 85
62 72
22 32
68 78
81 91
93 103
80 90
100 110
49 59
19 29
88 98
32 42
5 15
74 84
90 100
15 25
25 35
3 13
57 67
41 51
54 64
20 30
53 63
89 99
27 37
53 63
65 75
100 110
79 89
61 71
95 105
94 104
8 18
91 101
18 28
67 77
27 37
72 82
42 52
85 95
62 72
68 78
49 59
41 51
23 33
59 69
69 79
44 54
70 80
46 56
87 97
99 109
93 103
88 98
83 93
89 99
34 44
79 89
62 72
25 35
32 42
36 46
72 82
39 49
29 39
39 49
99 109
37 47
91 101
27 37
89 99
91 101
63 73
41 51
62 72
45 55
72 82
93 103
36 46
37 47
16 26
74 84
87 97
70 80
49 59
51 61
45 55
99 109
19 29
38 48
6 16
37 47
92 102
11 21
45 55
57 67
84 94
33 43
96 106
62 72
28 38
26 36
69 79
35 45
72 82
90 100
35 45
18 28
14 24
79 89
95 105
76 86
31 41
32 42
7 17
86 96
68 78
29 39
82 92
30 40
7 17
13 23
53 63
43 53
92 102
61 71
13 23
88 98
99 109
18 28
1 11
71 81
21 31
53 63
84 94
61 71
62 72
84 94
26 36
97 107
37 47
42 52
37 47
83 93
8 18
99 109
12 22
84 94
74 84
30 40
69 79
95 105
93 103
5 15
23 33
54 64
23 33
5 15
51 61
64 74
24 34
96 106
38 48
5 15
2 12
39 49
73 83
78 88
14 24
43 53
37 47
59 69
83 93
70 80
68 78
64 74
18 28
65 75
60 70
35 45
25 35
15 25
43 53
21 31
94 104
59 69
83 93
33 43
92 102
24 34
2 12
95 105
44 54
38 48
73 83
87 97
97 107
25 35
23 33
79 89
82 92
52 62
55 65
66 76
42 52
12 22
52 62
86 96
13 23
24 34
18 28
62 72
42 52
32 42
1 11
34 44
50 60
31 41
58 68
97 107
35 45
43 53
39 49
75 85
93 103
74 84
2 12
34 44
84 94
47 57
89 99
31 41
8 18
86 96
16 26
60 70
40 50
21 31
52 62
88 98
65 75
91 101
99 109
40 50
89 99
16 26
82 92
38 48
48 58
79 89
29 39
29 39
18 28
62 72
20 30
59 69
96 106
78 88
48 58
54 64
90 100
71 81
61 71
97 107
69 79
86 96
28 38
98 108
32 42
88 98
97 107
77 87
11 21
68 78
58 68
68 78
91 101
47 57
10 20
73 83
15 25
8 18
71 81
65 75
26 36
74 84
69 79
20 30
22 32
42 52
67 77
57 67
15 25
88 98
27 37
92 102
75 85
63 73
12 22
66 76
58 68
8 18
59 69
17 27
66 76
54 64
59 69
73 83
8 18
72 82
60 70
87 97
40 50
93 103
3 13
51 61
33 43
1 11
96 106
28 38
75 85
10 20
6 16
55 65
45 55
90 100
9 19
70 80
8 18
9 19
61 71
5 15
37 47
53 63
24 34
99 109
18 28
99 109
83 93
94 104
83 93
54 64
48 58
49 59
58 68
49 59
49 59
11 21
88 98
85 95
70 80
18 28
84 94
45 55
16 26
23 33
69 79
51 61
68 78
17 27
94 104
29 39
1 11
97 107
3 13
39 49
60 70
87 97
93 103
70 80
55 65
69 79
49 59
30 40
32 42
59 69
45 55
20 30
36 46
25 35
93 103
98 108
15 25
5 15
85 95
54 64
79 89
99 109
3 13
31 41
27 37
9 19
13 23
77 87
5 15
58 68
77 87
87 97
91 101
7 17
32 42
95 105
6 16
52 62
57 67
30 40
70 80
28 38
97 107
100 110
8 18
18 28
65 75
38 48
30 40
94 104
74 84
41 51
74 84
77 87
99 109
87 97
42 52
31 41
39 49
19 29
85 95
67 77
29 39
53 63
39 49
36 46
8 18
72 82
76 86
95 105
23 33
81 91
87 97
55 65
72 82
64 74
7 17
45 55
83 93
86 96
49 59
68 78
41 51
90 100
54 64
53 63
20 30
39 49
49 59
24 34
97 107
69 79
61 71
31 41
29 39
39 49
91 101
19 29
60 70
8 18
72 82
53 63
54 64
72 82
68 78
18 28
50 60
32 42
33 43
27 37
43 53
83 93
11 21
58 68
48 58
12 22
69 79
93 103
25 35
7 17
35 45
49 59
87 97
78 88
78 88
6 16
10 20
25 35
98 108
76 86
93 103
86 96
72 82
28 38
62 72
27 37
43 53
39 49
2 12
28 38
25 35
95 105
16 26
96 106
97 107
62 72
32 42
90 100
78 88
91 101
27 37
51 61
31 41
71 81
42 52
100 110
37 47
49 59
60 70
69 79
84 94
46 56
40 50
34 44
47 57
66 76
64 74
60 70
13 23
93 103
61 71
98 108
41 51
27 37
48 58
41 51
53 63
6 16
73 83
29 39
95 105
19 29
3 13
34 44
71 81
75 85
75 85
93 103
54 64
38 48
20 30
26 36
43 53
30 40
49 59
73 83
32 42
64 74
71 81
84 94
88 98
44 54
33 43
98 108
63 73
93 103
83 93
95 105
63 73
59 69
22 32
94 104
46 56
22 32
18 28
93 103
70 80
63 73
24 34
70 80
83 93
8 18
68 78
5 15
10 20
86 96
7 17
98 108
1 11
53 63
18 28
81 91
30 40
9 19
91 101
20 30
2 12
28 38
65 75
59 69
48 58
8 18
80 90
82 92
86 96
79 89
62 72
85 95
63 73
3 13
1 11
69 79
71 81
53 63
2 12
3 13
68 78
93 103
36 46
69 79
37 47
3 13
65 75
90 100
87 97
56 66
23 33
14 24
13 23
68 78
20 30
31 41
25 35
80 90
68 78
33 43
46 56
35 45
51 61
11 21
48 58
52 62
59 69
73 83
32 42
90 100
29 39
39 49
88 98
11 21
84 94
84 94
98 108
5 15
12 22
52 62
49 59
49 59
71 81
61 71
8 18
82 92
2 12
90 100
22 32
11 21
64 74
56 66
83 93
43 53
73 83
13 23
68 78
6 16
30 40
28 38
89 99
73 83
61 71
35 45
6 16
10 20
88 98
36 46
70 80
73 83
85 95
5 15
23 33
41 51
3 13
27 37
76 86
19 29
97 107
92 102
51 61
10 20
39 49
21 31
73 83
31 41
73 83
50 60
87 97
70 80
43 53
50 60
97 107
95 105
18 28
89 99
93 103
11 21
65 75
96 106
45 55
7 17
13 23
56 66
30 40
10 20
44 54
78 88
99 109
79 89
77 87
51 61
100 110
42 52
4 14
82 92
35 45
58 68
63 73
30 40
46 56
71 81
49 59
56 66
24 34
88 98
75 85
85 95
49 59
11 21
99 109
80 90
38 48
32 42
92 102
10 20
11 21
35 45
20 30
49 59
92 102
82 92
20 30
95 105
50 60
41 51
47 57
14 24
12 22
1 11
40 50
57 67
47 57
98 108
35 45
14 24
17 27
12 22
24 34
56 66
58 68
72 82
72 82
66 76
53 63
14 24
4 14
12 22
46 56
71 81
12 22
77 87
77 87
42 52
50 60
2 12
38 48
53 63
50 60
100 110
11 21
93 103
72 82
32 42
74 84
67 77
22 32
88 98
49 59
22 32
18 28
35 45
39 49
35 45
64 74
19 29
9 19
22 32
56 66
36 46
54 64
39 49
62 72
10 20
47 57
33 43
32 42
93 103
81 91
64 74
77 87
79 89
26 36
59 69
14 24
18 28
39 49
1 11
51 61
43 53
80 90
49 59
43 53
57 67
43 53
56 66
84 94
77 87
18 28
39 49
42 52
78 88
89 99
26 36
62 72
41 51
23 33
51 61
41 51
38 48
95 105
